33
5 5 6
5 6 7
5 7 8
5 8 9
5 9 10
5 10 11
5 11 12
5 12 13
6 12 13
7 11 12
8 10 11
9 9 10
10 8 9
11 7 8
12 6 7
13 5 6
14 5 6
14 6 7
14 7 8
14 8 9
14 9 10
14 10 11
14 11 12
14 12 13
5 15 16
5 16 17
5 17 18
5 18 19
5 19 20
5 20 21
5 21 22
5 22 23
6 22 23
7 21 22
8 20 21
9 19 20
10 18 19
11 17 18
12 16 17
13 15 16
14 15 16
14 16 17
14 17 18
14 18 19
14 19 20
14 20 21
14 21 22
14 22 23
5 25 26
6 26 27
7 27 28
8 28 29
9 29 30
10 30 31
10 30 31
9 31 32
8 32 33
7 33 34
6 34 35
5 35 36
10 30 31
11 30 31
12 30 31
13 30 31
14 30 31
20 5 6
21 6 7
22 7 8
23 8 9
24 9 10
25 10 11
25 10 11
24 11 12
23 12 13
22 13 14
21 14 15
20 15 16
25 10 11
26 10 11
27 10 11
28 10 11
29 10 11
30 10 11
20 18 19
21 19 20
22 20 21
23 21 22
24 22 23
25 23 24
25 23 24
24 24 25
23 25 26
22 26 27
21 27 28
20 28 29
25 23 24
26 23 24
27 23 24
28 23 24
29 23 24
30 23 24
20 32 33
21 32 33
22 32 33
23 32 33
24 32 33
25 32 33
26 32 33
27 32 33
28 32 33
29 32 33
30 32 33
20 33 34
20 34 35
20 35 36
20 36 37
20 37 38
20 38 39
30 33 34
30 34 35
30 35 36
30 36 37
30 37 38
30 38 39
21 39 40
22 39 40
23 39 40
24 39 40
25 39 40
26 39 40
27 39 40
28 39 40
29 39 40
20 46 47
20 47 48
20 48 49
20 49 50
20 50 51
20 51 52
20 52 53
20 53 54
20 54 55
21 45 46
22 45 46
23 45 46
24 45 46
25 46 47
25 47 48
25 48 49
25 49 50
25 50 51
25 51 52
25 52 53
25 53 54
25 54 55
26 55 56
27 55 56
28 55 56
29 55 56
30 54 55
30 53 54
30 52 53
30 51 52
30 50 51
30 49 50
30 48 49
30 47 48
30 46 47